00100 1
001100 2
0010100 2
0011100 3
00101100 3
00110100 3
00111100 4
001011100 3
001101100 3
001110100 3
001111100 5
0010111100 4
0011011100 3
0011101100 3
0011110100 4
00102 1
001102 2
0010102 2
0011102 3
00101102 3
00110102 3
00111102 4
001011102 3
001101102 3
001110102 3
001111102 5
0010111102 4
0011011102 3
0011101102 3
0011110102 4
0012 0
00112 1
001012 1
001112 2
0010112 2
0011012 2
0011112 3
00101112 3
00110112 3
00111012 3
00111112 5
001011112 3
001101112 3
001110112 3
001111012 4
20100 1
201100 2
2010100 2
2011100 3
20101100 3
20110100 3
20111100 4
201011100 3
201101100 3
201110100 3
201111100 5
2010111100 4
2011011100 3
2011101100 3
2011110100 4
20102 0
201102 0
2010102 2
2011102 2
20101102 3
20110102 3
20111102 4
201011102 3
201101102 3
201110102 3
201111102 5
2010111102 4
2011011102 3
2011101102 3
2011110102 4
2012 0
20112 0
201012 0
201112 0
2010112 2
2011012 2
2011112 3
20101112 3
20110112 3
20111012 3
20111112 5
201011112 3
201101112 3
201110112 3
201111012 4
2100 0
21100 1
210100 1
211100 2
2101100 2
2110100 2
2111100 3
21011100 3
21101100 3
21110100 3
21111100 5
210111100 4
211011100 3
211101100 3
211110100 3
2102 0
21102 0
210102 0
211102 0
2101102 2
2110102 2
2111102 3
21011102 3
21101102 3
21110102 3
21111102 5
210111102 4
211011102 3
211101102 3
211110102 3
212 0
2112 0
21012 0
21112 0
210112 0
211012 0
211112 0
2101112 3
2110112 3
2111012 3
2111112 5
21011112 3
21101112 3
21110112 3
21111012 3
00200 1
002200 2
0020200 2
0022200 3
00202200 3
00220200 3
00222200 4
002022200 3
002202200 3
002220200 3
002222200 5
0020222200 4
0022022200 3
0022202200 3
0022220200 4
00201 1
002201 2
0020201 2
0022201 3
00202201 3
00220201 3
00222201 4
002022201 3
002202201 3
002220201 3
002222201 5
0020222201 4
0022022201 3
0022202201 3
0022220201 4
0021 0
00221 1
002021 1
002221 2
0020221 2
0022021 2
0022221 3
00202221 3
00220221 3
00222021 3
00222221 5
002022221 3
002202221 3
002220221 3
002222021 4
10200 1
102200 2
1020200 2
1022200 3
10202200 3
10220200 3
10222200 4
102022200 3
102202200 3
102220200 3
102222200 5
1020222200 4
1022022200 3
1022202200 3
1022220200 4
10201 0
102201 0
1020201 2
1022201 2
10202201 3
10220201 3
10222201 4
102022201 3
102202201 3
102220201 3
102222201 5
1020222201 4
1022022201 3
1022202201 3
1022220201 4
1021 0
10221 0
102021 0
102221 0
1020221 2
1022021 2
1022221 3
10202221 3
10220221 3
10222021 3
10222221 5
102022221 3
102202221 3
102220221 3
102222021 4
1200 0
12200 1
120200 1
122200 2
1202200 2
1220200 2
1222200 3
12022200 3
12202200 3
12220200 3
12222200 5
120222200 4
122022200 3
122202200 3
122220200 3
1201 0
12201 0
120201 0
122201 0
1202201 2
1220201 2
1222201 3
12022201 3
12202201 3
12220201 3
12222201 5
120222201 4
122022201 3
122202201 3
122220201 3
121 0
1221 0
12021 0
12221 0
120221 0
122021 0
122221 0
1202221 3
1220221 3
1222021 3
1222221 5
12022221 3
12202221 3
12220221 3
12222021 3
00110111100 4
00220222200 4
00111011100 3
00222022200 3
00111101100 4
00222202200 4
0011011112 3
0022022221 3
0011101112 3
0022202221 3
0011110112 4
0022220221 4
00110111102 4
00220222201 4
00111011102 3
00222022201 3
00111101102 4
00222202201 4
20110111100 4
10220222200 4
20111011100 3
10222022200 3
20111101100 4
10222202200 4
2011011112 3
1022022221 3
2011101112 3
1022202221 3
2011110112 4
1022220221 4
20110111102 4
10220222201 4
20111011102 3
10222022201 3
20111101102 4
10222202201 4
2110111100 4
1220222200 4
2111011100 3
1222022200 3
2111101100 3
1222202200 3
211011112 3
122022221 3
211101112 3
122202221 3
211110112 3
122220221 3
2110111102 4
1220222201 4
2111011102 3
1222022201 3
2111101102 3
1222202201 3
0011111100 6
0022222200 6
001111112 6
002222221 6
0011111102 6
0022222201 6
2011111100 6
1022222200 6
201111112 6
102222221 6
2011111102 6
1022222201 6
211111100 6
122222200 6
21111112 6
12222221 6
211111102 6
122222201 6
0010101100 3
0020202200 3
0010101102 3
0020202201 3
001010112 2
002020221 2
2010101100 3
1020202200 3
2010101102 3
1020202201 3
201010112 2
102020221 2
210101100 3
120202200 3
210101102 3
120202201 3
21010112 2
12020221 2
0010110100 3
0020220200 3
0010110102 3
0020220201 3
001011012 3
002022021 3
2010110100 3
1020220200 3
2010110102 3
1020220201 3
201011012 3
102022021 3
210110100 3
120220200 3
210110102 3
120220201 3
21011012 2
12022021 2
0011010100 3
0022020200 3
0011010102 3
0022020201 3
001101012 3
002202021 3
2011010100 3
1022020200 3
2011010102 3
1022020201 3
201101012 3
102202021 3
211010100 2
122020200 2
211010102 2
122020201 2
21101012 2
12202021 2
00101011100 3
00202022200 3
00101011102 3
00202022201 3
0010101112 3
0020202221 3
20101011100 3
10202022200 3
20101011102 3
10202022201 3
2010101112 3
1020202221 3
2101011100 3
1202022200 3
2101011102 3
1202022201 3
210101112 3
120202221 3
00101101100 3
00202202200 3
00101101102 3
00202202201 3
0010110112 3
0020220221 3
20101101100 3
10202202200 3
20101101102 3
10202202201 3
2010110112 3
1020220221 3
2101101100 3
1202202200 3
2101101102 3
1202202201 3
210110112 3
120220221 3
00101110100 4
00202220200 4
00101110102 4
00202220201 4
0010111012 4
0020222021 4
20101110100 4
10202220200 4
20101110102 4
10202220201 4
2010111012 4
1020222021 4
2101110100 4
1202220200 4
2101110102 4
1202220201 4
210111012 4
120222021 4
00110101100 3
00220202200 3
00110101102 3
00220202201 3
0011010112 3
0022020221 3
20110101100 3
10220202200 3
20110101102 3
10220202201 3
2011010112 3
1022020221 3
2110101100 3
1220202200 3
2110101102 3
1220202201 3
211010112 3
122020221 3
00110110100 3
00220220200 3
00110110102 3
00220220201 3
0011011012 3
0022022021 3
20110110100 3
10220220200 3
20110110102 3
10220220201 3
2011011012 3
1022022021 3
2110110100 3
1220220200 3
2110110102 3
1220220201 3
211011012 3
122022021 3
00111010100 3
00222020200 3
00111010102 3
00222020201 3
0011101012 3
0022202021 3
20111010100 3
10222020200 3
20111010102 3
10222020201 3
2011101012 3
1022202021 3
2111010100 3
1222020200 3
2111010102 3
1222020201 3
211101012 3
122202021 3
001010101100 3
002020202200 3
001010101102 3
002020202201 3
00101010112 2
00202020221 2
201010101100 3
102020202200 3
201010101102 3
102020202201 3
20101010112 2
10202020221 2
21010101100 3
12020202200 3
21010101102 3
12020202201 3
2101010112 2
1202020221 2
001010110100 3
002020220200 3
001010110102 3
002020220201 3
00101011012 3
00202022021 3
201010110100 3
102020220200 3
201010110102 3
102020220201 3
20101011012 3
10202022021 3
21010110100 3
12020220200 3
21010110102 3
12020220201 3
2101011012 3
1202022021 3
001011010100 3
002022020200 3
001011010102 3
002022020201 3
00101101012 3
00202202021 3
201011010100 3
102022020200 3
201011010102 3
102022020201 3
20101101012 3
10202202021 3
21011010100 3
12022020200 3
21011010102 3
12022020201 3
2101101012 3
1202202021 3
001101010100 3
002202020200 3
001101010102 3
002202020201 3
00110101012 3
00220202021 3
201101010100 3
102202020200 3
201101010102 3
102202020201 3
20110101012 3
10220202021 3
21101010100 3
12202020200 3
21101010102 3
12202020201 3
2110101012 3
1220202021 3
0020202020200 3
0020202020200 3